POS: (np.int64(7), np.int64(3))
SEC: (np.int64(51), np.int64(51))
[0 0] [1 1] [1 0] [0 1] [0 1] [1 1] [1 1] [1 0] [0 0] [1 0] [0 1] [1 1] [1 0] [0 0] [0 0] [1 0] [1 0] [0 0] [0 1] [0 0] [1 0] [0 1] [1 1] [1 1] [0 1] [1 1] [0 0] [1 1] [0 0] [0 0] [0 1] [1 0] [1 0] [0 0] [1 0] [1 1] [0 1] [1 1] [1 0] [1 1] [1 1] [0 1] [0 0] [1 0] [1 1] [0 0] [1 1] [0 0] [0 1] [1 0] [0 0] [0 0] [1 1] [0 0] [0 1] [0 1] [1 0] [0 1] [1 1] [0 0] [1 0] [0 1]
[1 1] [1 1] [1 0] [0 0] [1 0] [1 1] [0 1] [0 0] [0 0] [1 0] [1 0] [0 0] [1 0] [1 1] [0 0] [0 0] [0 1] [0 1] [1 1] [1 1] [0 1] [1 0] [1 1] [1 0] [1 0] [0 1] [1 0] [1 0] [0 0] [1 0] [1 1] [0 1] [0 1] [0 0] [0 1] [1 1] [0 1] [1 0] [0 0] [0 1] [1 0] [1 1] [1 0] [1 1] [0 0] [0 0] [1 0] [1 1] [0 0] [1 1] [1 1] [1 0] [1 1] [1 1] [1 0] [1 0] [1 1] [0 1] [1 0] [0 1] [0 0] [0 1]
[0 1] [0 1] [0 0] [0 0] [1 0] [0 0] [1 0] [0 0] [1 1] [1 0] [1 0] [0 1] [0 1] [0 1] [0 1] [1 1] [1 0] [1 1] [0 0] [1 0] [1 1] [0 0] [0 0] [1 0] [1 0] [1 1] [0 1] [0 1] [1 0] [0 1] [0 1] [0 1] [1 0] [0 0] [0 1] [0 0] [1 1] [0 0] [0 1] [0 0] [1 0] [1 0] [1 1] [1 0] [1 1] [0 1] [1 0] [1 1] [1 1] [1 0] [0 0] [0 1] [1 1] [1 0] [0 1] [1 0] [1 1] [0 1] [0 1] [1 1] [1 0] [0 0]
[1 0] [0 0] [0 0] [1 1] [1 0] [1 0] [1 1] [0 1] [1 1] [1 1] [0 1] [1 0] [1 1] [1 0] [0 0] [1 1] [1 0] [0 0] [1 0] [0 0] [0 1] [0 1] [1 1] [0 0] [0 1] [0 1] [0 1] [1 0] [1 0] [0 1] [0 0] [1 1] [0 0] [1 1] [1 0] [1 0] [0 0] [1 1] [1 0] [0 1] [0 1] [0 0] [0 1] [0 1] [0 0] [0 0] [0 1] [0 1] [1 0] [0 1] [0 0] [1 1] [0 1] [0 1] [1 1] [0 0] [0 0] [1 0] [0 1] [1 1] [0 0] [0 0]
[1 0] [0 1] [0 1] [0 1] [1 1] [0 1] [0 0] [0 1] [0 0] [0 0] [0 1] [1 0] [1 0] [1 0] [1 0] [1 1] [0 1] [1 1] [1 0] [0 1] [0 1] [0 1] [0 0] [0 0] [1 1] [1 0] [1 1] [0 0] [1 1] [0 0] [1 0] [1 0] [1 1] [0 0] [1 1] [1 1] [0 0] [1 1] [0 1] [1 0] [1 0] [0 1] [0 1] [1 0] [1 1] [1 0] [0 1] [1 1] [1 1] [0 1] [1 0] [1 0] [1 0] [1 1] [1 1] [1 0] [1 0] [0 0] [1 0] [0 0] [0 0] [1 1]
[1 1] [1 1] [0 0] [0 1] [1 0] [1 1] [1 1] [1 1] [0 1] [1 0] [0 0] [0 0] [1 1] [1 1] [0 0] [1 0] [0 0] [0 0] [0 0] [1 0] [0 1] [0 0] [1 0] [1 1] [1 1] [0 1] [0 1] [1 1] [0 0] [1 1] [0 0] [1 0] [0 1] [1 0] [0 0] [1 0] [1 0] [1 1] [1 1] [0 1] [1 0] [0 1] [1 1] [1 1] [0 0] [1 0] [0 1] [0 0] [0 1] [1 0] [1 1] [0 0] [1 0] [1 0] [1 1] [1 0] [0 1] [1 1] [0 0] [1 1] [0 1] [0 0]
[1 1] [1 0] [0 1] [1 1] [0 0] [1 1] [1 1] [1 0] [0 0] [0 1] [0 1] [1 0] [0 1] [1 0] [0 1] [0 1] [1 1] [1 1] [1 0] [1 0] [1 0] [1 1] [1 1] [0 0] [0 0] [0 0] [0 0] [1 0] [1 0] [0 1] [0 0] [1 0] [0 1] [1 1] [1 1] [0 1] [1 1] [0 0] [0 1] [1 0] [1 0] [0 1] [1 0] [1 0] [0 0] [1 0] [1 1] [1 1] [1 1] [0 0] [1 1] [1 1] [1 1] [0 0] [1 0] [0 1] [0 0] [1 1] [1 0] [0 1] [1 0] [0 0]
[0 1] [0 0] [0 0] [1 0] [1 0] [1 1] [0 1] [1 1] [0 0] [0 1] [0 1] [0 1] [0 0] [0 0] [1 1] [0 0] [1 1] [0 0] [1 1] [0 0] [0 0] [1 0] [1 1] [1 0] [0 1] [0 1] [0 0] [1 1] [1 1] [1 0] [0 0] [1 1] [0 1] [0 0] [0 1] [0 0] [1 1] [0 1] [1 1] [1 1] [0 0] [0 0] [0 0] [0 1] [0 1] [0 0] [1 0] [1 0] [1 0] [1 0] [1 0] [1 1] [0 0] [0 0] [0 1] [0 1] [1 1] [0 1] [0 1] [1 0] [0 1] [1 0]
[0 0] [0 0] [1 1] [1 1] [0 0] [1 0] [0 0] [0 0] [0 0] [1 0] [0 1] [1 0] [1 0] [0 1] [1 1] [0 1] [0 1] [0 1] [0 0] [1 1] [1 0] [1 0] [1 1] [0 0] [1 0] [1 0] [0 0] [1 1] [1 1] [1 1] [0 0] [0 1] [1 1] [1 1] [1 0] [1 0] [1 1] [1 0] [0 1] [0 0] [0 1] [0 0] [1 0] [0 0] [1 1] [1 0] [0 1] [1 1] [1 0] [0 1] [1 1] [0 0] [0 0] [1 1] [0 1] [1 0] [0 1] [1 0] [1 1] [1 1] [1 1] [1 1]
[0 1] [0 1] [0 1] [1 1] [0 0] [0 1] [1 0] [1 0] [0 1] [0 0] [1 0] [1 0] [0 0] [0 1] [1 1] [1 1] [1 0] [0 1] [0 1] [0 1] [1 0] [0 0] [0 1] [1 0] [1 1] [0 0] [1 1] [0 0] [0 0] [0 0] [1 1] [1 0] [0 1] [1 1] [1 0] [0 1] [1 1] [0 0] [0 0] [1 1] [1 1] [1 0] [0 1] [1 0] [0 1] [1 1] [0 1] [1 1] [0 0] [1 0] [0 0] [0 1] [1 1] [1 0] [0 0] [1 0] [0 0] [1 0] [0 0] [1 1] [1 0] [1 0]
[1 0] [0 1] [0 1] [1 0] [1 0] [0 0] [1 0] [1 0] [1 0] [0 1] [0 0] [1 0] [1 1] [1 1] [1 1] [1 1] [0 1] [1 0] [1 1] [1 0] [0 0] [1 1] [0 0] [0 0] [0 0] [1 0] [1 1] [0 1] [0 1] [1 0] [1 1] [0 1] [1 1] [0 0] [1 0] [1 1] [0 0] [1 1] [0 0] [1 1] [0 0] [0 0] [1 0] [0 1] [1 0] [1 1] [0 1] [0 0] [0 1] [0 1] [1 0] [1 0] [0 1] [0 1] [1 0] [0 1] [0 0] [0 1] [0 1] [1 1] [0 1] [1 0]
[1 1] [0 0] [1 0] [0 1] [0 1] [0 0] [0 1] [1 0] [0 1] [0 1] [0 1] [1 1] [0 0] [1 0] [1 0] [0 1] [1 1] [0 0] [1 0] [1 0] [1 0] [1 0] [0 0] [0 1] [1 0] [1 0] [1 1] [0 1] [1 1] [1 1] [1 1] [0 0] [1 1] [0 0] [1 0] [0 1] [1 0] [0 0] [1 0] [0 0] [1 1] [0 1] [1 1] [1 0] [1 1] [0 1] [0 1] [0 0] [1 0] [0 1] [0 0] [1 1] [1 0] [1 1] [1 0] [1 0] [0 0] [0 1] [0 0] [0 1] [1 1] [1 0]
[0 1] [0 1] [1 0] [1 1] [0 1] [1 1] [1 0] [0 0] [0 1] [0 0] [1 1] [0 0] [1 1] [0 0] [0 0] [0 0] [1 1] [1 0] [0 1] [1 1] [1 0] [1 1] [1 1] [0 0] [0 0] [0 1] [0 1] [1 0] [0 1] [0 0] [0 1] [1 1] [0 1] [1 1] [0 0] [1 0] [0 0] [1 1] [0 1] [0 0] [0 0] [1 0] [1 0] [0 0] [0 0] [0 1] [0 0] [0 0] [0 1] [0 1] [0 1] [0 1] [0 1] [0 0] [0 1] [0 0] [1 0] [1 1] [1 0] [0 0] [1 0] [0 0]
[0 0] [1 1] [1 0] [0 1] [0 1] [1 1] [0 1] [0 0] [1 0] [1 0] [1 1] [0 1] [0 0] [0 0] [1 0] [0 0] [1 0] [1 0] [1 1] [1 0] [0 0] [0 1] [1 1] [1 1] [1 1] [1 1] [1 0] [1 1] [1 0] [0 0] [1 1] [0 0] [1 0] [1 0] [0 0] [0 1] [0 1] [0 1] [1 0] [1 1] [1 1] [1 1] [1 0] [1 0] [1 1] [1 0] [0 1] [1 0] [1 1] [1 0] [1 0] [1 0] [1 1] [1 0] [0 1] [1 1] [1 0] [1 1] [0 1] [0 0] [0 0] [1 1]
[0 0] [0 0] [1 0] [0 0] [0 1] [0 0] [1 0] [1 1] [1 1] [1 1] [1 1] [0 1] [0 0] [0 1] [0 0] [0 0] [1 1] [0 0] [0 0] [0 0] [0 0] [0 1] [0 1] [0 1] [1 0] [1 1] [1 1] [0 1] [0 0] [1 0] [1 1] [0 0] [1 1] [0 0] [0 1] [0 0] [1 0] [0 0] [1 1] [1 0] [0 1] [1 1] [0 0] [0 1] [1 1] [0 0] [1 0] [1 1] [0 1] [0 0] [0 1] [0 0] [0 1] [1 1] [0 1] [1 1] [1 0] [0 0] [1 0] [1 1] [0 1] [0 0]
[0 1] [0 0] [1 1] [1 1] [1 1] [0 1] [1 0] [0 0] [1 0] [1 1] [1 1] [1 0] [0 0] [0 0] [0 0] [0 0] [0 0] [1 1] [1 0] [0 0] [1 1] [1 1] [0 1] [1 1] [1 1] [0 0] [1 1] [0 0] [1 0] [1 1] [1 0] [0 0] [0 0] [1 0] [1 1] [0 1] [0 1] [0 0] [0 1] [0 1] [0 1] [1 0] [0 0] [0 1] [0 0] [1 1] [0 0] [0 1] [1 0] [1 0] [0 0] [1 1] [0 0] [1 1] [0 1] [1 0] [0 1] [1 1] [1 0] [1 0] [1 1] [0 1]
[0 1] [1 0] [0 1] [0 1] [1 0] [0 0] [1 1] [1 1] [1 0] [0 1] [1 0] [1 1] [1 1] [0 1] [1 1] [0 0] [0 0] [1 0] [1 1] [0 1] [1 0] [0 0] [0 0] [1 0] [1 0] [0 0] [0 1] [0 0] [0 0] [0 1] [0 1] [0 1] [0 1] [0 1] [1 0] [1 1] [0 0] [1 0] [1 1] [1 0] [0 0] [1 0] [0 0] [0 1] [0 1] [0 1] [0 0] [0 1] [0 1] [1 1] [0 0] [1 0] [0 1] [1 0] [0 1] [1 0] [1 1] [0 0] [0 0] [0 0] [1 1] [1 0]
[0 0] [1 0] [1 1] [0 0] [1 1] [0 0] [1 1] [0 0] [1 0] [1 0] [0 1] [0 0] [0 1] [0 1] [0 0] [1 1] [0 1] [0 0] [1 0] [1 1] [0 1] [1 0] [0 1] [0 0] [0 1] [1 1] [0 1] [0 1] [0 0] [1 0] [0 0] [1 1] [1 1] [1 0] [0 0] [0 0] [0 0] [0 0] [1 0] [0 1] [1 0] [0 0] [1 1] [1 1] [1 1] [1 1] [1 1] [0 0] [0 1] [0 0] [0 0] [1 1] [1 0] [0 0] [0 0] [0 0] [1 1] [1 1] [1 1] [0 0] [0 1] [0 1]
[1 0] [1 1] [0 0] [0 1] [0 1] [0 0] [0 1] [1 1] [0 0] [1 0] [1 1] [0 1] [1 0] [1 1] [0 0] [0 1] [1 1] [0 1] [1 1] [1 0] [1 0] [0 0] [0 1] [1 1] [0 0] [1 0] [1 0] [0 0] [0 0] [0 0] [1 1] [1 0] [1 0] [1 1] [0 1] [1 1] [0 1] [1 1] [0 0] [1 1] [0 0] [1 0] [1 1] [0 0] [1 0] [0 0] [1 0] [0 1] [0 1] [1 1] [1 0] [1 1] [0 1] [0 1] [1 0] [0 0] [1 1] [1 0] [1 1] [0 0] [1 1] [0 0]
[0 0] [1 1] [0 1] [0 0] [1 0] [0 1] [0 1] [0 0] [1 1] [1 0] [0 1] [0 1] [1 1] [0 1] [0 0] [0 0] [1 0] [1 1] [0 1] [0 0] [0 0] [1 0] [0 0] [1 0] [0 0] [0 1] [0 0] [0 0] [1 1] [1 1] [0 1] [1 1] [0 1] [1 0] [0 1] [1 0] [1 0] [1 1] [0 0] [1 0] [1 0] [0 0] [0 1] [1 1] [0 1] [0 0] [1 1] [0 1] [1 1] [1 0] [1 0] [0 1] [1 0] [0 1] [0 0] [0 1] [0 0] [1 0] [0 0] [0 1] [0 0] [0 1]
